Long-Term GMSL and Population Predictions (2022-2100)
=============================================

Year | Population (billions) | RF GMSL (mm) | LR GMSL (mm) | Trend
----------------------------------------------------------------------
2022 |               7.96 |       55.04 |       66.07 | Below
2023 |               8.00 |       55.07 |       67.63 | Below
2024 |               8.05 |       55.07 |       69.18 | Below
2025 |               8.09 |       54.82 |       70.74 | Below
2026 |               8.14 |       54.68 |       72.30 | Below
2027 |               8.19 |       54.85 |       73.86 | Below
2028 |               8.23 |       54.85 |       75.42 | Below
2029 |               8.28 |       54.59 |       76.98 | Below
2030 |               8.32 |       54.33 |       78.54 | Below
2031 |               8.37 |       54.33 |       80.10 | Below
2032 |               8.42 |       54.32 |       81.65 | Below
2033 |               8.46 |       54.32 |       83.21 | Below
2034 |               8.51 |       54.32 |       84.77 | Below
2035 |               8.55 |       54.17 |       86.33 | Below
2036 |               8.60 |       54.17 |       87.89 | Below
2037 |               8.65 |       54.17 |       89.45 | Below
2038 |               8.69 |       54.08 |       91.01 | Below
2039 |               8.74 |       54.08 |       92.57 | Below
2040 |               8.78 |       54.08 |       94.12 | Below
2041 |               8.83 |       54.10 |       95.68 | Below
2042 |               8.88 |       53.71 |       97.24 | Below
2043 |               8.92 |       53.71 |       98.80 | Below
2044 |               8.97 |       53.38 |      100.36 | Below
2045 |               9.01 |       53.38 |      101.92 | Below
2046 |               9.06 |       53.38 |      103.48 | Below
2047 |               9.11 |       53.37 |      105.04 | Below
2048 |               9.15 |       53.37 |      106.59 | Below
2049 |               9.20 |       53.37 |      108.15 | Below
2050 |               9.24 |       53.37 |      109.71 | Below
2051 |               9.29 |       53.37 |      111.27 | Below
2052 |               9.34 |       53.37 |      112.83 | Below
2053 |               9.38 |       53.37 |      114.39 | Below
2054 |               9.43 |       53.37 |      115.95 | Below
2055 |               9.47 |       53.37 |      117.51 | Below
2056 |               9.52 |       52.65 |      119.06 | Below
2057 |               9.57 |       52.65 |      120.62 | Below
2058 |               9.61 |       52.65 |      122.18 | Below
2059 |               9.66 |       52.65 |      123.74 | Below
2060 |               9.71 |       52.65 |      125.30 | Below
2061 |               9.75 |       52.65 |      126.86 | Below
2062 |               9.80 |       52.65 |      128.42 | Below
2063 |               9.84 |       52.65 |      129.98 | Below
2064 |               9.89 |       52.47 |      131.53 | Below
2065 |               9.94 |       52.47 |      133.09 | Below
2066 |               9.98 |       52.47 |      134.65 | Below
2067 |              10.03 |       52.47 |      136.21 | Below
2068 |              10.07 |       52.47 |      137.77 | Below
2069 |              10.12 |       52.47 |      139.33 | Below
2070 |              10.17 |       52.47 |      140.89 | Below
2071 |              10.21 |       52.47 |      142.45 | Below
2072 |              10.26 |       52.47 |      144.00 | Below
2073 |              10.30 |       52.47 |      145.56 | Below
2074 |              10.35 |       52.47 |      147.12 | Below
2075 |              10.40 |       52.29 |      148.68 | Below
2076 |              10.44 |       52.29 |      150.24 | Below
2077 |              10.49 |       51.79 |      151.80 | Below
2078 |              10.53 |       51.79 |      153.36 | Below
2079 |              10.58 |       51.79 |      154.92 | Below
2080 |              10.63 |       51.79 |      156.47 | Below
2081 |              10.67 |       51.79 |      158.03 | Below
2082 |              10.72 |       51.79 |      159.59 | Below
2083 |              10.76 |       51.79 |      161.15 | Below
2084 |              10.81 |       51.22 |      162.71 | Below
2085 |              10.86 |       51.22 |      164.27 | Below
2086 |              10.90 |       51.22 |      165.83 | Below
2087 |              10.95 |       51.11 |      167.39 | Below
2088 |              10.99 |       51.11 |      168.94 | Below
2089 |              11.04 |       51.11 |      170.50 | Below
2090 |              11.09 |       51.11 |      172.06 | Below
2091 |              11.13 |       51.11 |      173.62 | Below
2092 |              11.18 |       51.19 |      175.18 | Below
2093 |              11.22 |       50.63 |      176.74 | Below
2094 |              11.27 |       50.63 |      178.30 | Below
2095 |              11.32 |       50.56 |      179.86 | Below
2096 |              11.36 |       50.56 |      181.41 | Below
2097 |              11.41 |       50.56 |      182.97 | Below
2098 |              11.45 |       50.56 |      184.53 | Below
2099 |              11.50 |       50.56 |      186.09 | Below
2100 |              11.55 |       50.56 |      187.65 | Below

Summary Statistics:
=================
Population in 2100: 11.55 billion
Average RF GMSL Prediction: 52.76 mm
Average LR GMSL Prediction: 126.86 mm
Years Above Trend: 0
Years Below Trend: 79

Predicted GMSL Change by 2100:
============================
Random Forest Model: 50.56 mm
Linear Regression Model: 187.65 mm
